531 390 0.004 0.004 
523 409 0.229 0.287 
541 438 0.408 0.554 
519 460 0.613 0.704 
836 760 1.262 1.317 
641 576 1.400 1.467 
161 489 1.738 1.817 
157 489 1.850 1.900 
161 486 1.942 2.142 
322 211 2.275 2.383 
328 212 2.438 2.500 
793 147 2.558 2.621 
925 131 2.671 2.717 
894 746 3.013 3.067 
886 732 3.121 3.212 
886 723 3.379 3.446 
886 722 3.571 3.617 
594 604 3.750 3.842 
586 595 3.883 4.008 
512 380 4.146 4.263 
512 380 4.308 4.379 
516 560 4.600 4.646 
512 553 4.708 4.758 
492 576 4.787 4.900 
